2673.8
3403.6
250.5
4214.2
4376.6
4707.2
3330.1
2845.2
4333.4
3362.0
2306.7
6203.7
5495.8
4010.2
2609.1
5115.3
11227.4
1962.9
3734.6
1521.9
2543.2
6886.8
2572.3
2709.7
2701.6
7.3
13801.0
4405.2
1908.8
1042.3
2149.6
6755.8
4935.3
8658.9
2401.4
12683.0
2795.9
2164.1
1775.0
7296.1
4628.3
4587.3
2047.1
6269.1
12611.4
3143.9
8851.2
2286.2
3438.3
3795.2
4582.5
3818.2
2600.8
7190.7
3419.5
5019.2
5555.0
1513.1
2025.0
1120.5
8286.0
5335.0
3960.7
4575.5
2080.8
4052.5
10160.5
7036.2
3260.9
5351.9
1345.2
934.3
5456.0
1091.4
2057.4
1977.4
1739.7
2502.2
8224.2
2091.5
2059.8
1314.1
2040.1
4082.7
26518.4
4121.0
14011.7
5770.4
8980.6
1851.1
4059.7
4679.7
2068.7
3438.2
2252.9
3125.0
1349.7
2588.5
46.3
3941.7
11684.1
3182.7
40.0
8813.6
4344.3
5718.1
2895.7
6517.4
12962.9
1799.6
5121.7
1579.4
5041.3
1175.8
9350.5
7179.6
2215.7
782.6
4812.1
503.3
4020.7
4901.3
3034.6
1882.0
7251.0
7292.7
14047.0
3364.0
15387.8
6366.4
4870.1
18071.3
1875.6
5877.8
535.4
6901.0
2626.3
18263.8
12984.0
1923.6
3694.8
3766.6
2540.5
1514.1
7626.5
489.6
19030.0
5158.4
4220.7
18499.5
5633.3
2534.5
3321.1
1286.0
1261.7
5387.1
10312.4
4512.0
3490.7
1839.0
4426.0
4903.7
2456.1
3806.5
3371.6
6198.0
16262.3
1188.9
6377.1
5510.7
18309.1
4505.2
4906.5
4925.8
4731.1
3790.5
17679.2
13495.0
4562.0
4576.5
6393.5
1882.2
17325.9
9374.8
6.4
245.2
18298.2
18340.8
3528.0
3471.4
2.2
4003.4
678.1
3986.4
10744.5
4203.4
13937.7
12651.4
18339.9
3135.1
3480.8
13031.3
3147.3
5264.3
5301.5
2316.1
2348.6
12144.8
16877.6
4503.7
2004.6
22116.4
1785.7
2169.6
3970.6
3753.3
12843.1
4080.5
11387.0
7290.7
2157.7
15298.2
1857.7
16051.6
6705.3
12586.4
6142.4
11907.9
18175.8
1476.8
18142.0
6667.6
18208.8
9404.9
15571.9
15495.3
5764.3
4717.4
3725.2
18048.1
10359.9
15277.7
12236.1
10068.9
2677.8
3679.0
1457.6
1443.2
5920.3
2745.1
2151.0
1069.1
2876.9
12241.8
3076.5
3882.2
1406.6
17003.8
15926.8
5687.1
3913.3
12494.0
3057.6
2939.2
4682.1
3193.1
21217.0
2435.0
4939.8
13841.8
707.4
18520.8
3218.8
4332.9
2636.1
17759.3
3658.8
16438.3
4586.4
2544.4
3423.0
1251.9
3967.7
17511.6
6992.4
2276.7
11906.8
2765.3
15562.4
5278.8
9006.2
3755.5
4622.1
3101.3
3278.9
15494.4
18147.5
5944.9
12939.1
15289.2
8678.1
2914.5
8487.5
7176.2
3292.7
1881.1
12384.2
3871.4
5647.5
1435.4
17176.7
14572.5
7900.6
1501.0
4426.4
3778.0
2287.0
8010.6
16904.2
7730.9
18118.8
5277.6
3192.2
4420.9
3680.5
7066.8
8095.5
2766.8
5738.3
17920.8
5619.9
1985.8
4779.8
2133.1
5276.7
18369.3
12239.4
9456.9
18230.9
3156.6
10232.1
10999.9
11982.4
7054.6
4511.9
7876.4
12037.0
3638.7
13407.3
6495.1
2385.8
12226.0
1804.4
17912.5
5373.3
16451.2
4838.1
18835.7
7094.2
3821.3
6791.4
3147.0
5253.5
4307.4
1980.4
5131.9
2041.7
14828.4
18181.8
4018.0
11300.1
12115.4
5829.4
18121.8
3820.5
4702.1
4926.1
17537.2
18736.7
3874.4
10015.3
15559.9
18044.4
3595.4
4782.1
9528.1
6897.9
5419.2
6231.4
3641.9
1284.4
2940.1
5597.3
4232.6
1204.4
4483.2
13208.0
7835.1
1272.0
6584.7
4988.1
8518.7
3827.2
2943.0
18335.1
15451.9
2847.0
17618.3
2328.5
18743.3
15123.9
5891.6
5434.0
7329.8
13816.0
2950.7
13067.3
3485.8
2921.8
12119.1
6795.6
7744.9
7797.8
11178.6
11749.2
2162.2
3647.0
3076.3
3365.7
7784.0
2443.0
991.4
1547.6
6637.8
1035.4
18708.8
3767.0
5906.2
2919.6
6044.0
3715.8
14731.9
10629.5
2589.1
13531.4
3391.7
4833.8
18267.0
10316.3
3582.0
5241.9
6235.4
2546.5
2244.2
17522.7
2551.0
2333.8
13611.0
2381.7
6451.0
3610.7
2564.8
9473.9
966.5
6552.1
12407.4
9975.6
1462.3
3545.8
10418.0
2755.5
2169.3
4381.7
8471.8
2939.8
2256.0
17809.5
638.5
1227.6
5775.0
3620.6
6000.2
3266.8
7031.9
9720.0
3644.2
7517.1
5660.8
6298.7
1749.8
7385.4
1465.8
17527.6
2314.2
9361.7
18322.4
10105.9
3858.8
4143.3
1445.8
6803.4
4089.4
5356.5
1459.5
2360.4
13030.1
4474.9
18077.6
2682.1
14174.5
8052.4
8491.3
1147.2
2495.5
2064.5
6393.6
4395.0
4026.2
4072.3
6684.5
3984.2
2871.4
2517.3
1029.2
3026.7
5818.8
2.4
7659.6
5173.9
17270.8
10825.2
4339.4
3339.5
3705.2
11630.0
4128.7
8659.1
5738.8
2810.2
2534.2
5779.8
7494.5
11634.5
5661.5
2636.6
3746.6
3622.0
8324.6
8889.3
2456.2
1876.5
4908.2
3461.7
621.9
1483.9
9714.7
4885.9
3502.5
2358.9
6232.7
3362.9
3465.9
2774.8
10618.3
3924.5
10834.9
3678.9
2048.3
17959.1
5966.5
2020.2
6501.4
1663.8
2470.9
4757.8
9542.3
10488.6
2894.7
2108.4
10708.1
5045.1
18874.0
14086.8
6057.2
701.1
4216.2
4042.7
1279.5
3506.1
1909.5
1202.5
13208.6
1809.8
7019.4
8465.1
2276.1
3581.4
4253.4
1215.0
7906.3
2279.0
2561.4
4469.3
6666.3
3086.3
5652.8
4034.2
12293.5
4885.0
2915.5
647.2
3364.1
4418.5
13854.0
2216.7
4883.5
11388.5
5147.5
5748.5
3205.9
4663.8
2641.0
3081.8
5484.1
4104.8
3869.9
3458.0
13846.9
4125.8
10612.1
6162.1
5843.2
2958.5
8831.2
7667.3
12451.7
2749.5
1198.2
1456.8
18090.3
2111.1
6543.9
27693.2
3144.4
3888.9
6707.0
2064.4
9074.1
4375.2
2766.6
5876.1
2336.8
289.3
3357.8
1975.0
3624.3
2235.1
9584.0
3853.2
1353.3
4485.6
5219.4
4467.5
5141.0
4280.5
4772.9
3502.9
1113.9
3309.0
16756.2
8564.0
7173.5
1926.4
2836.4
2171.4
2386.1
2542.5
2431.9
2614.8
6298.6
8085.3
5111.1
250.7
4251.5
4891.6
1710.0
3491.0
7202.9
1369.2
3113.4
1137.2
3175.9
3021.6
2279.6
6836.0
3413.1
2830.2
12443.8
7836.6
6860.4
830.8
4201.6
6271.7
1090.0
5344.9
3960.9
1675.8
1745.9
3391.2
1652.4
4042.7
6248.1
4923.7
1548.5
1656.8
8680.9
2635.0
5336.5
5036.4
3378.9
4175.0
4945.5
4517.9
3067.4
1962.4
3428.7
3085.1
2317.4
7880.3
7106.2
1466.6
2881.4
1807.5
1371.2
2613.3
5928.7
4240.4
4691.4
3359.7
1689.1
1951.9
3758.5
6148.8
5863.8
1248.2
2611.6
3468.0
12169.0
13985.9
7842.1
2793.0
4412.4
7867.6
4962.2
6998.8
2741.6
4510.8
4349.9
1105.4
2203.1
15073.2
2341.2
5852.3
2792.4
2724.1
2281.6
6986.3
1647.7
3639.6
8953.5
3923.7
1936.3
8622.1
2161.1
1955.0
2866.8
2834.0
2377.3
1539.9
3553.1
3066.8
1895.4
1336.5
879.0
2821.5
3302.8
825.3
6469.2
7354.1
2776.1
6909.0
18240.3
1322.1
3196.8
7394.8
2591.3
0.9
2753.3
3157.5
5986.4
2012.9
101.1
3421.2
2097.8
8822.5
4614.3
2544.8
4358.3
7887.5
3313.3
14645.1
451.9
1516.1
3060.4
6986.2
9154.9
7695.1
3340.9
5963.0
2433.9
7332.4
2505.2
3405.0
6079.4
60.0
5374.0
5259.1
1752.9
2830.8
5672.7
4952.6
1444.8
3203.8
4766.5
2056.9
643.5
5908.8
5963.7
14816.7
6798.9
4833.5
6000.5
1153.5
16671.2
3121.3
14961.5
15758.6
4680.9
4115.0
3804.6
6251.2
404.9
3435.1
773.7
3720.9
4978.7
3356.9
5305.6
6984.4
6565.8
1078.1
3694.8
5455.1
3383.6
2987.7
1582.7
2510.2
2024.1
2400.7
3583.5
4142.7
7928.9
6743.8
4385.0
3911.8
2963.2
3113.8
5943.7
2725.3
12744.9
1376.6
885.0
6399.7
8676.0
6664.1
2013.2
4106.2
1587.9
2291.5
17526.1
1254.8
1567.0
1262.6
62.6
19427.4
13875.1
3276.4
16340.7
9254.3
2895.3
5134.1
21122.8
17136.9
4792.6
4562.9
134.8
4480.5
6510.6
5234.6
8382.7
5220.3
2942.4
7174.7
4098.7
2067.3
1603.2
4804.5
2710.8
2209.9
2793.1
8313.2
6522.0
5980.8
3779.0
2325.1
3512.0
226.8
482.4
6551.6
3842.6
7672.9
2792.4
5949.9
2593.2
4004.6
2443.3
1941.7
2776.5
3807.0
2558.6
3132.4
1231.1
8105.3
18624.1
5349.6
3041.3
1896.2
15568.6
2446.9
5352.9
2658.7
3180.7
1951.7
1074.6
2975.0
6798.4
6684.5
4472.7
18219.7
2213.2
1979.0
3184.0
5083.8
3574.2
3555.9
11772.6
877.2
3629.1
1415.8
1874.3
1077.0
4500.3
2450.5
4318.8
1004.7
9885.9
11185.8
3471.3
21170.8
996.2
1979.8
10038.0
7221.0
4855.1
7027.9
18485.8
1985.3
6237.6
2018.8
4099.6
7925.3
2619.5
5726.0
3679.1
3374.8
5165.6
5223.3
2695.6
2792.4
761.1
1404.4
75.5
3391.0
3679.2
6627.9
2787.7
2162.1
2422.7
1469.5
948.2
3679.7
14750.0
6817.1
5340.9
1578.0
3743.5
2115.4
6247.4
5953.0
3585.8
3086.9
9392.8
13190.3
4808.5
390.5
2525.9
3189.6
3968.6
653.6
15464.0
4746.5
2559.7
2327.7
18087.2
18316.5
2617.4
3187.6
3537.1
4874.5
2745.2
4936.7
4319.1
2399.8
2709.3
13067.2
6070.8
1759.5
4508.3
3036.0
3996.0
2970.6
3555.6
2827.8
2906.6
982.4
4452.5
2966.9
1638.2
4443.4
3783.9
2720.0
7556.7
1453.1
6804.2
3205.0
4345.3
4979.9
2662.9
6201.8
6006.0
1364.4
12577.5
4497.6
1200.0
2711.9
13128.2
4968.1
3368.4
8491.1
2249.1
2690.2
1032.1
3426.2
13874.3
3387.8
17.9
12551.4
11186.8
1195.6
2587.3
3485.3
3348.9
2818.0
4908.4
4984.4
4775.1
3226.9
2798.9
3969.4
7305.4
3534.9
4964.7
5566.0
2064.7
1284.2
10653.2
5006.7
3543.6
4372.8
27452.7
1561.3
20813.4
1657.8
5665.4
3301.9
3715.7
2118.4
3706.7
6340.7
2898.0
1668.4
5148.5
13664.3
6412.0
2559.2
6975.3
3800.4
3922.8
2492.7
1657.9
389.3
3502.8
5611.3
2753.7
3783.9
1839.4
1611.6
4492.2
4485.5
1657.0
6568.4
6930.2
6800.0
13006.8
0.7
1720.4
6086.5
2384.2
2836.3
2982.3
2666.7
3221.0
4944.4
1263.5
6453.8
2.1
3271.7
4254.5
2097.6
13734.1
3.8
3560.9
7588.7
3385.2
16966.0
2718.2
6946.3
3181.8
3775.1
2.7
5196.1
7023.2
2791.1
66.5
3779.5
1661.9
917.4
4813.8
6634.6
4515.4
2552.5
5094.5
19742.6
1809.2
2568.4
5828.2
3072.1
1016.9
4274.5
15986.7
4726.8
2862.6
3995.8
3079.3
6533.4
2942.6
6809.4
2937.4
2255.9
4182.2
4918.6
18934.1
7319.8
5947.6
4575.1
3581.7
2440.0
9042.4
2599.3
2269.3
1066.4
8324.7
3193.7
6561.8
1394.0
14794.7
584.2
3688.9
3606.1
6595.5
909.2
3087.1
8917.4
1930.8
2913.7
4933.9
1231.8
7857.5
1390.4
3836.5
6319.5
3668.6
1402.6
8957.9
1.2
13272.5
3627.7
7604.3
4853.6
9481.2
3309.4
15316.6
15925.4
4784.5
592.3
2744.3
1568.9
2841.8
11874.2
3576.2
15382.6
6003.1
2259.5
1792.4
2832.5
7565.1
4299.7
527.2
7831.6
6962.2
1529.6
5404.0
5500.1
4578.3
4752.5
12749.5
12072.3
1225.6
2559.8
2030.5
2269.0
980.5
3219.4
3109.5
2624.5
1431.4
4769.8
4358.4
861.9
3761.5
2933.1
6732.9
2464.0
5033.3
1195.1
2771.7
4946.7
8337.5
1317.5
3603.7
4471.9
4231.7
1598.7
6571.4
2231.2
908.2
5867.8
1460.8
14201.3
21694.1
6331.9
4239.6
8394.1
699.3
2538.4
3910.3
4612.1
2643.1
2633.4
3170.6
1507.8
2828.2
8773.8
5.1
2388.6
1300.7
3061.9
2287.4
5262.0
1631.5
13806.7
4208.2
3196.7
4572.3
1861.1
5996.5
712.7
12838.5
2980.6
544.8
4580.9
4143.7
4085.2
1876.6
9121.6
4882.1
13407.8
3705.3
1950.4
2990.2
3690.2
9729.1
3612.2
12758.1
1922.3
2306.9
2189.2
7666.3
2994.9
1662.4
1269.8
1812.8
2811.3
7294.9
2989.2
5436.5
10879.2
3084.3
1421.4
3274.6
5882.0
2313.0
3402.8
5300.6
5811.8
2696.7
3960.2
1410.8
1606.5
4182.5
2410.0
4207.2
2863.7
874.8
1811.8
14036.6
1683.1
1525.2
1866.2
4701.7
1483.3
3248.9
2121.8
3409.7
5222.1
4427.5
7318.5
982.6
1428.3
4826.7
7442.9
3055.7
4167.7
4232.7
11004.5
1975.7
1682.1
3969.9
1652.2
4244.4
4801.8
1651.1
4457.2
8998.0
1405.1
1351.9
7592.7
4827.5
18691.6
1160.9
1311.2
4479.8
5723.6
4727.5
1708.0
15398.1
5497.2
2432.6
6321.6
7066.7
813.6
14636.2
9842.5
7042.7
5033.1
2416.7
4841.4
6728.2
4056.1
1901.3
3983.2
5596.6
4467.9
3908.9
5017.1
4505.0
17639.4
3358.3
3015.5
17997.7
631.2
4846.6
3098.0
1933.3
6063.1
3519.8
2135.2
2128.6
5662.0
3861.5
62.7
1924.9
3575.9
18935.7
13034.0
2938.6
3403.9
4206.2
2453.8
3371.8
455.0
1744.7
3033.2
12963.2
17551.4
2865.2
18163.8
12349.9
886.6
1214.6
3531.9
4800.9
4848.1
5288.9
2749.3
4273.8
2751.5
4497.6
4416.5
7121.5
3561.1
1226.7
3819.5
6379.5
5173.9
10848.2
5299.7
4378.6
1672.4
2180.4
3668.5
15181.7
1109.3
1751.7
3738.0
5085.6
1614.2
2376.1
4512.4
1675.9
13588.9
5842.7
5043.4
2371.5
476.1
3251.1
1494.7
1881.8
12979.1
7947.4
4235.1
1151.4
14045.7
1627.8
2242.2
11126.8
1788.5
3168.0
2386.5
4044.7
1355.8
3847.5
3695.1
4143.2
3908.2
2996.2
3572.3
14829.0
2314.4
2694.2
7121.5
1596.8
1321.7
7433.4
8109.1
6577.9
1873.8
2365.6
6130.8
3703.2
5012.1
3528.5
5855.8
3131.0
1891.3
7437.0
1255.7
3376.4
12964.9
5616.4
2557.8
4940.7
2937.0
14053.7
14386.9
3352.4
22359.2
1866.1
2729.8
4697.0
2777.3
6022.4
5414.2
8339.0
10202.7
2857.5
16849.3
2386.3
2626.9
1796.8
74.0
2554.7
2973.1
3901.4
4989.8
3301.0
4672.2
1587.7
4377.5
5132.5
8909.6
4485.1
4350.9
18267.8
2445.3
6569.0
12088.7
4207.6
817.4
2197.6
965.9
6109.9
2399.7
5758.9
13556.1
5474.7
3503.9
9838.6
15990.5
1384.4
3044.3
1153.5
1953.0
4317.3
4226.9
1680.7
5118.6
13570.6
7022.8
16955.1
17311.5
6021.9
5677.4
1289.4
8115.0
6487.5
6072.2
17700.6
2704.5
1713.8
376.4
2173.8
1382.3
4442.8
2510.6
2514.1
10223.4
6664.0
1768.9
2548.0
1300.7
1592.1
8638.7
6227.2
4243.3
2728.2
3489.9
6157.5
4494.1
3768.2
2387.5
1941.5
2693.3
11069.9
7963.3
1856.3
3712.9
2091.7
19590.6
510.1
2151.3
12681.7
3480.5
2692.5
